================================================================================
Multi-Aspect HMAC-Net Training Report
================================================================================

Configuration:
  Model: distilbert-base-uncased
  PMAC: Disabled
  IARM: Disabled
  Loss Type: focal
  Focal Gamma: 2.0
  Class Weights: [1.0, 5.0, 1.0]

Epoch-by-Epoch Metrics:
--------------------------------------------------------------------------------
Epoch    Train Loss   Val Acc    Val F1     Neg F1     Neu F1     Pos F1    
--------------------------------------------------------------------------------
1        1.1037       0.4526     0.2077     0.0000     0.6232     0.0000    
2        0.5613       0.6203     0.5577     0.6093     0.7107     0.3532    
3        0.3775       0.7699     0.7546     0.7313     0.8089     0.7235    
4        0.2788       0.7805     0.7644     0.7415     0.8177     0.7340    
5        0.2088       0.8053     0.7928     0.7474     0.8367     0.7942    
6        0.1478       0.8045     0.7920     0.7550     0.8412     0.7798    
7        0.1025       0.8128     0.8028     0.7633     0.8452     0.8000    
8        0.0696       0.8113     0.8015     0.7803     0.8433     0.7807    
9        0.0494       0.8286     0.8193     0.7892     0.8619     0.8067    
10       0.0395       0.8180     0.8095     0.7908     0.8523     0.7852    
11       0.0349       0.8241     0.8149     0.7859     0.8576     0.8010    
12       0.0217       0.8150     0.8068     0.7810     0.8487     0.7906    
13       0.0167       0.8248     0.8162     0.7876     0.8581     0.8031    
14       0.0186       0.8301     0.8226     0.8018     0.8628     0.8030    
15       0.0113       0.8241     0.8144     0.7874     0.8599     0.7958    
16       0.0128       0.8226     0.8164     0.7968     0.8495     0.8029    
17       0.0085       0.8195     0.8110     0.7911     0.8546     0.7874    
18       0.0122       0.8248     0.8182     0.7988     0.8567     0.7990    
19       0.0055       0.8271     0.8209     0.8068     0.8574     0.7985    
20       0.0080       0.8286     0.8213     0.7988     0.8602     0.8050    
21       0.0024       0.8271     0.8190     0.7950     0.8609     0.8010    
22       0.0039       0.8301     0.8223     0.8000     0.8630     0.8040    
23       0.0038       0.8263     0.8202     0.8037     0.8564     0.8005    
24       0.0052       0.8301     0.8227     0.8025     0.8626     0.8030    
25       0.0021       0.8301     0.8221     0.8000     0.8642     0.8020    
26       0.0029       0.8293     0.8215     0.7988     0.8633     0.8025    
27       0.0073       0.8301     0.8221     0.7975     0.8647     0.8040    
28       0.0016       0.8308     0.8226     0.7975     0.8658     0.8045    
29       0.0042       0.8308     0.8226     0.7975     0.8658     0.8045    
30       0.0027       0.8301     0.8221     0.7969     0.8640     0.8055    
--------------------------------------------------------------------------------

Test Results:
  Accuracy: 0.8272
  F1 (Macro): 0.8217
  F1 per class:
    Negative: 0.8061
    Neutral:  0.8510
    Positive: 0.8081

================================================================================