================================================================================
Multi-Aspect HMAC-Net Training Report
================================================================================

Configuration:
  Model: bert-base-uncased
  Type: Improved - iarn
  Loss Type: focal
  Focal Gamma: 2.0
  Class Weights: None

Epoch-by-Epoch Metrics:
--------------------------------------------------------------------------------
Epoch    Train Loss   Val Acc    Val F1     Neg F1     Neu F1     Pos F1    
--------------------------------------------------------------------------------
1        0.3997       0.4021     0.3907     0.3521     0.3636     0.4563    
2        0.3137       0.6421     0.5947     0.6139     0.4174     0.7529    
3        0.2276       0.7368     0.6481     0.5912     0.4926     0.8605    
4        0.1772       0.7011     0.6382     0.5976     0.4958     0.8212    
5        0.1260       0.7411     0.6387     0.5789     0.4757     0.8613    
6        0.0958       0.7158     0.6525     0.6632     0.4683     0.8261    
7        0.0778       0.7453     0.6584     0.6626     0.4503     0.8624    
8        0.0584       0.7389     0.6622     0.6420     0.4880     0.8566    
9        0.0417       0.7621     0.6751     0.6746     0.4804     0.8704    
10       0.0318       0.7411     0.6662     0.6429     0.5025     0.8532    
11       0.0260       0.7663     0.6819     0.6897     0.4831     0.8729    
12       0.0197       0.7768     0.6816     0.6667     0.4940     0.8842    
13       0.0141       0.7726     0.6820     0.6871     0.4852     0.8738    
14       0.0116       0.7811     0.6836     0.6782     0.4903     0.8824    
15       0.0099       0.7747     0.6869     0.6590     0.5169     0.8848    
16       0.0085       0.7811     0.6871     0.6591     0.5190     0.8831    
17       0.0063       0.7937     0.7034     0.6936     0.5290     0.8875    
18       0.0038       0.7789     0.6665     0.6739     0.4444     0.8811    
19       0.0044       0.7853     0.6943     0.6707     0.5269     0.8853    
20       0.0034       0.7832     0.6869     0.6784     0.5033     0.8790    
21       0.0034       0.7874     0.6848     0.6871     0.4832     0.8840    
22       0.0026       0.7874     0.6960     0.6744     0.5244     0.8893    
23       0.0026       0.7811     0.6843     0.6746     0.4968     0.8814    
24       0.0028       0.7832     0.6873     0.6667     0.5091     0.8860    
25       0.0017       0.7874     0.6927     0.6748     0.5153     0.8878    
26       0.0025       0.7789     0.6814     0.6707     0.4937     0.8800    
27       0.0020       0.7832     0.6887     0.6707     0.5125     0.8828    
--------------------------------------------------------------------------------

Test Results:
  Accuracy: 0.8161
  F1 (Macro): 0.7292
  F1 per class:
    Negative: 0.7470
    Neutral:  0.5418
    Positive: 0.8989

================================================================================