================================================================================
Multi-Aspect HMAC-Net Training Report
================================================================================

Configuration:
  Model: bert-base-uncased
  Type: Baseline - bert_cls
  Loss Type: focal
  Focal Gamma: 2.0
  Class Weights: [1.0, 3.0, 1.0]

Epoch-by-Epoch Metrics:
--------------------------------------------------------------------------------
Epoch    Train Loss   Val Acc    Val F1     Neg F1     Neu F1     Pos F1    
--------------------------------------------------------------------------------
1        0.8274       0.4571     0.2191     0.0122     0.6255     0.0196    
2        0.4890       0.6226     0.5718     0.5731     0.7078     0.4345    
3        0.3580       0.7767     0.7649     0.7508     0.8143     0.7296    
4        0.2437       0.7857     0.7713     0.7517     0.8214     0.7407    
5        0.1732       0.8038     0.7918     0.7601     0.8401     0.7753    
6        0.1119       0.7955     0.7837     0.7587     0.8292     0.7632    
7        0.0743       0.8211     0.8121     0.7926     0.8544     0.7893    
8        0.0474       0.8218     0.8140     0.8025     0.8546     0.7849    
9        0.0406       0.8150     0.8098     0.7975     0.8447     0.7872    
10       0.0267       0.8165     0.8091     0.7883     0.8450     0.7940    
11       0.0222       0.8278     0.8214     0.8063     0.8583     0.7995    
12       0.0173       0.8308     0.8254     0.8080     0.8534     0.8147    
13       0.0158       0.8241     0.8170     0.7964     0.8532     0.8015    
14       0.0095       0.8233     0.8170     0.8037     0.8524     0.7949    
15       0.0103       0.8150     0.8077     0.7866     0.8459     0.7906    
16       0.0092       0.8233     0.8179     0.8018     0.8490     0.8030    
17       0.0100       0.8105     0.8008     0.7700     0.8492     0.7833    
18       0.0078       0.8248     0.8195     0.8091     0.8514     0.7980    
19       0.0058       0.8195     0.8136     0.7931     0.8459     0.8019    
20       0.0057       0.8233     0.8167     0.8006     0.8525     0.7970    
21       0.0023       0.8248     0.8213     0.8157     0.8444     0.8038    
22       0.0026       0.8195     0.8130     0.7976     0.8487     0.7929    
23       0.0050       0.8180     0.8135     0.8056     0.8421     0.7927    
24       0.0019       0.8241     0.8180     0.8000     0.8496     0.8045    
--------------------------------------------------------------------------------

Test Results:
  Accuracy: 0.8295
  F1 (Macro): 0.8231
  F1 per class:
    Negative: 0.7909
    Neutral:  0.8527
    Positive: 0.8256

================================================================================