================================================================================
Multi-Aspect HMAC-Net Training Report
================================================================================

Configuration:
  Model: distilbert-base-uncased
  PMAC: Disabled
  IARM: Disabled
  Loss Type: focal
  Focal Gamma: 2.5
  Class Weights: [1.0, 8.0, 1.0]

Epoch-by-Epoch Metrics:
--------------------------------------------------------------------------------
Epoch    Train Loss   Val Acc    Val F1     Neg F1     Neu F1     Pos F1    
--------------------------------------------------------------------------------
1        0.8457       0.1726     0.0981     0.0000     0.2944     0.0000    
2        0.6486       0.4379     0.3191     0.0000     0.3654     0.5919    
3        0.4928       0.6779     0.5831     0.4640     0.4545     0.8307    
4        0.3733       0.5789     0.5388     0.4882     0.4169     0.7114    
5        0.2910       0.6274     0.5769     0.5455     0.4161     0.7692    
6        0.2378       0.6695     0.6119     0.5915     0.4419     0.8022    
7        0.1833       0.6316     0.5860     0.5714     0.4247     0.7619    
8        0.1319       0.7579     0.6714     0.6784     0.4693     0.8667    
9        0.1046       0.7368     0.6633     0.6538     0.4815     0.8547    
10       0.0898       0.7495     0.6605     0.6395     0.4804     0.8614    
11       0.0664       0.7874     0.6889     0.6626     0.5157     0.8885    
12       0.0629       0.7684     0.6855     0.6410     0.5417     0.8738    
13       0.0482       0.7832     0.6835     0.6591     0.5067     0.8846    
14       0.0377       0.7474     0.6728     0.6556     0.5106     0.8522    
15       0.0440       0.7747     0.6926     0.6584     0.5435     0.8760    
16       0.0249       0.7895     0.7043     0.6624     0.5665     0.8839    
17       0.0189       0.7895     0.7005     0.6905     0.5244     0.8867    
18       0.0154       0.7853     0.6883     0.6705     0.5098     0.8846    
19       0.0130       0.7768     0.6897     0.6842     0.5132     0.8717    
20       0.0141       0.7705     0.6685     0.6380     0.4878     0.8796    
21       0.0098       0.7768     0.6822     0.6704     0.4968     0.8795    
22       0.0133       0.7768     0.6873     0.6667     0.5150     0.8801    
23       0.0069       0.7832     0.6971     0.6784     0.5294     0.8834    
24       0.0051       0.7832     0.6891     0.6743     0.5096     0.8835    
25       0.0074       0.7768     0.6875     0.6667     0.5185     0.8773    
26       0.0042       0.7811     0.6926     0.6667     0.5301     0.8809    
27       0.0039       0.7832     0.6962     0.6706     0.5357     0.8824    
28       0.0055       0.7811     0.6912     0.6743     0.5185     0.8809    
--------------------------------------------------------------------------------

Test Results:
  Accuracy: 0.8069
  F1 (Macro): 0.7228
  F1 per class:
    Negative: 0.7214
    Neutral:  0.5479
    Positive: 0.8991

================================================================================