================================================================================
Multi-Aspect HMAC-Net Training Report
================================================================================

Configuration:
  Model: distilbert-base-uncased
  PMAC: Disabled
  IARM: Disabled
  Loss Type: focal
  Focal Gamma: 2.5
  Class Weights: [1.0, 8.0, 1.0]

Epoch-by-Epoch Metrics:
--------------------------------------------------------------------------------
Epoch    Train Loss   Val Acc    Val F1     Neg F1     Neu F1     Pos F1    
--------------------------------------------------------------------------------
1        0.6850       0.7554     0.2869     0.0000     0.0000     0.8607    
2        0.4766       0.7554     0.2869     0.0000     0.0000     0.8607    
3        0.4414       0.6413     0.3283     0.0000     0.1404     0.8444    
4        0.3889       0.6359     0.3269     0.0000     0.1311     0.8496    
5        0.3874       0.7174     0.5312     0.5783     0.1818     0.8333    
6        0.2421       0.8152     0.5687     0.5634     0.2500     0.8927    
7        0.1766       0.7935     0.6291     0.6600     0.3636     0.8638    
8        0.1438       0.8043     0.5856     0.5926     0.2857     0.8786    
9        0.1178       0.7935     0.5831     0.5294     0.3333     0.8865    
10       0.1045       0.8098     0.6628     0.6076     0.5000     0.8809    
11       0.0906       0.7989     0.6430     0.6136     0.4444     0.8708    
12       0.0865       0.8207     0.6955     0.6588     0.5455     0.8824    
13       0.0783       0.7935     0.6466     0.6316     0.4444     0.8636    
14       0.0738       0.8043     0.4796     0.5600     0.0000     0.8789    
15       0.0752       0.7935     0.5960     0.5882     0.3333     0.8664    
16       0.0759       0.8043     0.5928     0.6190     0.2857     0.8736    
17       0.0647       0.8098     0.5939     0.6173     0.2857     0.8786    
18       0.0613       0.7989     0.5917     0.6207     0.2857     0.8686    
19       0.0509       0.8043     0.6089     0.6207     0.3333     0.8727    
20       0.0530       0.7935     0.5905     0.6222     0.2857     0.8635    
21       0.0544       0.8261     0.6110     0.6585     0.2857     0.8889    
22       0.0485       0.8207     0.6204     0.6429     0.3333     0.8849    
23       0.0531       0.8152     0.6031     0.6429     0.2857     0.8809    
24       0.0479       0.8207     0.6071     0.6506     0.2857     0.8849    
--------------------------------------------------------------------------------

Test Results:
  Accuracy: 0.7815
  F1 (Macro): 0.5753
  F1 per class:
    Negative: 0.6667
    Neutral:  0.2051
    Positive: 0.8540

================================================================================