================================================================================
Multi-Aspect HMAC-Net Training Report
================================================================================

Configuration:
  Model: distilbert-base-uncased
  PMAC: Disabled
  IARM: Disabled
  Loss Type: focal
  Focal Gamma: 2.5
  Class Weights: [1.0, 8.0, 1.0]

Epoch-by-Epoch Metrics:
--------------------------------------------------------------------------------
Epoch    Train Loss   Val Acc    Val F1     Neg F1     Neu F1     Pos F1    
--------------------------------------------------------------------------------
1        0.7084       0.1726     0.0981     0.0000     0.2944     0.0000    
2        0.6069       0.4589     0.3324     0.0000     0.3744     0.6228    
3        0.4444       0.6232     0.5370     0.4000     0.4305     0.7805    
4        0.3618       0.4695     0.4359     0.3423     0.3802     0.5853    
5        0.2834       0.7200     0.6071     0.5116     0.4414     0.8681    
6        0.2308       0.6463     0.5688     0.4844     0.4214     0.8007    
7        0.1825       0.7221     0.6345     0.6056     0.4507     0.8471    
8        0.1615       0.7453     0.6466     0.6026     0.4639     0.8733    
9        0.1267       0.7263     0.6382     0.6115     0.4510     0.8523    
10       0.1101       0.6821     0.6149     0.5906     0.4426     0.8115    
11       0.1050       0.7663     0.6671     0.6282     0.4971     0.8760    
12       0.0852       0.6947     0.6244     0.5915     0.4590     0.8227    
13       0.0718       0.7453     0.6709     0.6747     0.4848     0.8532    
14       0.0601       0.7263     0.6711     0.6667     0.5202     0.8265    
15       0.0547       0.7832     0.6997     0.6893     0.5301     0.8797    
16       0.0467       0.7305     0.6650     0.6369     0.5179     0.8401    
17       0.0422       0.7916     0.6796     0.6581     0.4837     0.8972    
18       0.0322       0.7853     0.6937     0.6585     0.5357     0.8867    
19       0.0278       0.7937     0.7069     0.6585     0.5698     0.8925    
20       0.0202       0.7895     0.7080     0.6744     0.5647     0.8849    
21       0.0202       0.7811     0.6872     0.6341     0.5371     0.8903    
22       0.0156       0.8021     0.7167     0.6982     0.5542     0.8976    
23       0.0158       0.8000     0.7097     0.6867     0.5466     0.8957    
24       0.0098       0.7937     0.7004     0.6707     0.5366     0.8939    
25       0.0120       0.8000     0.7170     0.6941     0.5629     0.8940    
26       0.0097       0.7958     0.7102     0.6786     0.5595     0.8925    
27       0.0078       0.7937     0.7068     0.6786     0.5509     0.8911    
28       0.0105       0.7958     0.7102     0.6786     0.5595     0.8925    
29       0.0087       0.7979     0.7132     0.6826     0.5614     0.8954    
30       0.0111       0.7958     0.7105     0.6826     0.5562     0.8925    
--------------------------------------------------------------------------------

Test Results:
  Accuracy: 0.7992
  F1 (Macro): 0.7090
  F1 per class:
    Negative: 0.7302
    Neutral:  0.5088
    Positive: 0.8882

================================================================================