================================================================================
Multi-Aspect HMAC-Net Training Report
================================================================================

Configuration:
  Model: bert-base-uncased
  Type: Improved - iarn
  Loss Type: focal
  Focal Gamma: 2.0
  Class Weights: [1.0, 3.0, 1.0]

Epoch-by-Epoch Metrics:
--------------------------------------------------------------------------------
Epoch    Train Loss   Val Acc    Val F1     Neg F1     Neu F1     Pos F1    
--------------------------------------------------------------------------------
1        0.6939       0.4534     0.2096     0.0000     0.6238     0.0049    
2        0.5302       0.5925     0.5099     0.5611     0.6958     0.2729    
3        0.4001       0.7511     0.7330     0.7010     0.8079     0.6902    
4        0.2761       0.8075     0.7961     0.7630     0.8453     0.7801    
5        0.1842       0.8211     0.8111     0.8026     0.8545     0.7762    
6        0.1162       0.8278     0.8204     0.8037     0.8597     0.7980    
7        0.0773       0.8338     0.8277     0.8126     0.8574     0.8130    
8        0.0502       0.8353     0.8265     0.7949     0.8660     0.8185    
9        0.0387       0.8316     0.8248     0.7913     0.8571     0.8261    
10       0.0285       0.8376     0.8304     0.8025     0.8668     0.8219    
11       0.0222       0.8383     0.8315     0.8056     0.8643     0.8244    
12       0.0175       0.8338     0.8246     0.7994     0.8669     0.8077    
13       0.0162       0.8391     0.8315     0.8086     0.8694     0.8165    
14       0.0133       0.8534     0.8465     0.8286     0.8795     0.8314    
15       0.0123       0.8444     0.8378     0.8195     0.8710     0.8228    
16       0.0099       0.8459     0.8393     0.8261     0.8733     0.8185    
17       0.0080       0.8421     0.8355     0.8168     0.8708     0.8190    
18       0.0043       0.8414     0.8356     0.8246     0.8692     0.8130    
19       0.0050       0.8406     0.8330     0.8131     0.8728     0.8131    
20       0.0096       0.8421     0.8356     0.8219     0.8722     0.8127    
21       0.0036       0.8436     0.8371     0.8212     0.8731     0.8168    
22       0.0027       0.8451     0.8386     0.8189     0.8745     0.8225    
23       0.0047       0.8459     0.8387     0.8173     0.8743     0.8244    
24       0.0030       0.8338     0.8276     0.8084     0.8634     0.8109    
25       0.0034       0.8436     0.8367     0.8174     0.8720     0.8206    
26       0.0015       0.8436     0.8377     0.8203     0.8696     0.8231    
--------------------------------------------------------------------------------

Test Results:
  Accuracy: 0.8490
  F1 (Macro): 0.8436
  F1 per class:
    Negative: 0.8223
    Neutral:  0.8702
    Positive: 0.8383

================================================================================