================================================================================
Multi-Aspect HMAC-Net Training Report
================================================================================

Configuration:
  Model: distilbert-base-uncased
  PMAC: Disabled
  IARM: Disabled
  Loss Type: focal
  Focal Gamma: 2.5
  Class Weights: [1.0, 8.0, 1.0]

Epoch-by-Epoch Metrics:
--------------------------------------------------------------------------------
Epoch    Train Loss   Val Acc    Val F1     Neg F1     Neu F1     Pos F1    
--------------------------------------------------------------------------------
1        0.8173       0.4534     0.2096     0.0000     0.6238     0.0049    
2        0.6280       0.4541     0.2118     0.0061     0.6245     0.0049    
3        0.5535       0.4632     0.2422     0.0924     0.6342     0.0000    
4        0.4905       0.4707     0.2602     0.1070     0.6400     0.0338    
5        0.3966       0.5722     0.4572     0.5675     0.7004     0.1038    
6        0.3366       0.5992     0.5248     0.5749     0.7166     0.2830    
7        0.3052       0.6113     0.5442     0.5634     0.7169     0.3523    
8        0.2773       0.5977     0.5220     0.5308     0.7107     0.3246    
9        0.2468       0.6278     0.5740     0.5619     0.7283     0.4318    
10       0.2282       0.6496     0.6052     0.6109     0.7478     0.4570    
11       0.2076       0.6466     0.5987     0.6085     0.7434     0.4441    
12       0.1884       0.6609     0.6183     0.6347     0.7538     0.4663    
13       0.1743       0.6526     0.6124     0.6151     0.7453     0.4766    
14       0.1592       0.6654     0.6274     0.6330     0.7573     0.4921    
15       0.1529       0.6820     0.6548     0.6188     0.7618     0.5837    
16       0.1375       0.6737     0.6381     0.6173     0.7620     0.5349    
17       0.1303       0.6962     0.6797     0.6441     0.7589     0.6360    
18       0.1223       0.6895     0.6658     0.6502     0.7630     0.5843    
19       0.1145       0.6955     0.6701     0.6416     0.7699     0.5989    
20       0.1077       0.6977     0.6789     0.6600     0.7642     0.6125    
21       0.0997       0.6947     0.6764     0.6589     0.7621     0.6081    
22       0.0950       0.7008     0.6798     0.6623     0.7700     0.6069    
23       0.0900       0.7015     0.6809     0.6589     0.7695     0.6143    
24       0.0876       0.6992     0.6821     0.6611     0.7626     0.6226    
25       0.0846       0.7008     0.6845     0.6678     0.7632     0.6224    
26       0.0812       0.7030     0.6855     0.6656     0.7652     0.6258    
27       0.0834       0.7030     0.6879     0.6721     0.7621     0.6295    
28       0.0822       0.7045     0.6895     0.6732     0.7639     0.6314    
29       0.0800       0.7038     0.6886     0.6721     0.7633     0.6305    
30       0.0769       0.7015     0.6863     0.6721     0.7609     0.6260    
--------------------------------------------------------------------------------

Test Results:
  Accuracy: 0.7160
  F1 (Macro): 0.7033
  F1 per class:
    Negative: 0.7252
    Neutral:  0.7640
    Positive: 0.6207

================================================================================