================================================================================
Multi-Aspect HMAC-Net Training Report
================================================================================

Configuration:
  Model: distilbert-base-uncased
  PMAC: Enabled (Selective)
  IARM: Enabled (Transformer)
  Loss Type: focal
  Focal Gamma: 2.5
  Class Weights: [1.0, 8.0, 1.0]

Epoch-by-Epoch Metrics:
--------------------------------------------------------------------------------
Epoch    Train Loss   Val Acc    Val F1     Neg F1     Neu F1     Pos F1    
--------------------------------------------------------------------------------
1        1.0153       0.2253     0.1533     0.0000     0.3089     0.1511    
2        0.7576       0.4484     0.3255     0.0000     0.3659     0.6106    
3        0.5930       0.4842     0.4420     0.3333     0.3824     0.6102    
4        0.4815       0.6295     0.5427     0.4531     0.3895     0.7856    
5        0.3796       0.6442     0.5265     0.3423     0.4245     0.8128    
6        0.3235       0.5937     0.5206     0.4032     0.4051     0.7534    
7        0.2579       0.7200     0.6070     0.5116     0.4507     0.8586    
8        0.2239       0.6947     0.6218     0.6216     0.4229     0.8209    
9        0.1833       0.7053     0.6158     0.5752     0.4360     0.8362    
10       0.1612       0.7284     0.6384     0.5867     0.4780     0.8504    
11       0.1526       0.7263     0.6213     0.5584     0.4479     0.8576    
12       0.1266       0.7326     0.6374     0.6258     0.4407     0.8459    
13       0.1183       0.7095     0.6101     0.5680     0.4262     0.8361    
14       0.1088       0.7284     0.6144     0.5503     0.4324     0.8604    
15       0.1056       0.6674     0.5734     0.5036     0.4034     0.8131    
16       0.0964       0.7116     0.6240     0.6125     0.4264     0.8331    
17       0.0902       0.7516     0.6395     0.5875     0.4606     0.8704    
18       0.0852       0.7200     0.6270     0.5976     0.4398     0.8437    
19       0.0887       0.7242     0.6335     0.6173     0.4375     0.8456    
20       0.0848       0.6716     0.5673     0.4892     0.3860     0.8268    
21       0.0821       0.6863     0.5752     0.4714     0.4126     0.8416    
22       0.0821       0.6379     0.5426     0.4636     0.3707     0.7937    
23       0.0790       0.6989     0.5937     0.5359     0.4020     0.8432    
24       0.0783       0.6884     0.5791     0.5000     0.3981     0.8393    
25       0.0775       0.6968     0.5843     0.5000     0.4058     0.8471    
26       0.0807       0.6695     0.5623     0.4521     0.4107     0.8241    
27       0.0795       0.6884     0.5791     0.5000     0.3981     0.8393    
28       0.0767       0.7053     0.5887     0.5068     0.4039     0.8552    
29       0.0786       0.6926     0.5827     0.5068     0.3981     0.8432    
30       0.0797       0.6926     0.5827     0.5068     0.3981     0.8432    
--------------------------------------------------------------------------------

Test Results:
  Accuracy: 0.7858
  F1 (Macro): 0.6967
  F1 per class:
    Negative: 0.7078
    Neutral:  0.4980
    Positive: 0.8843

Selective PMAC Gate Statistics:
  Gate Mean: 0.2150 ± 0.1247
  Gate Range: [0.0000, 0.5322]
  Gate Median: 0.2273
  Gate Q25-Q75: [0.1732, 0.2910]
  Sparsity (gate < 0.1): 19.0%
  Activation Rate (gate > 0.5): 0.2%
  Total Gates: 15960

Interpretation:
  ✗ Low sparsity: May be over-composing aspects

================================================================================