================================================================================
Multi-Aspect HMAC-Net Training Report
================================================================================

Configuration:
  Model: bert-base-uncased
  Type: Baseline - bert_cls
  Loss Type: focal
  Focal Gamma: 2.0
  Class Weights: None

Epoch-by-Epoch Metrics:
--------------------------------------------------------------------------------
Epoch    Train Loss   Val Acc    Val F1     Neg F1     Neu F1     Pos F1    
--------------------------------------------------------------------------------
1        0.3769       0.5453     0.4799     0.4690     0.2913     0.6795    
2        0.2717       0.6126     0.5556     0.4969     0.4222     0.7476    
3        0.1993       0.7411     0.6465     0.6408     0.4474     0.8514    
4        0.1446       0.6379     0.5930     0.6102     0.4111     0.7577    
5        0.1028       0.7495     0.6325     0.6512     0.3791     0.8672    
6        0.0712       0.7326     0.6575     0.6748     0.4488     0.8488    
7        0.0470       0.7684     0.6759     0.7143     0.4459     0.8674    
8        0.0415       0.7453     0.6759     0.7059     0.4700     0.8517    
9        0.0309       0.7621     0.6676     0.6746     0.4561     0.8721    
10       0.0194       0.7747     0.6781     0.6977     0.4568     0.8799    
11       0.0160       0.7895     0.7022     0.7170     0.4972     0.8925    
12       0.0152       0.7642     0.6887     0.7065     0.4918     0.8679    
13       0.0123       0.7811     0.7051     0.7089     0.5204     0.8859    
14       0.0066       0.7916     0.7121     0.7303     0.5244     0.8816    
15       0.0085       0.7916     0.6837     0.7200     0.4480     0.8832    
16       0.0071       0.7874     0.7028     0.7159     0.5091     0.8834    
17       0.0040       0.7916     0.6978     0.7239     0.4785     0.8910    
18       0.0033       0.7789     0.6987     0.6994     0.5134     0.8833    
19       0.0028       0.7874     0.6943     0.7066     0.4878     0.8885    
20       0.0029       0.7811     0.6960     0.7073     0.4972     0.8834    
21       0.0030       0.7979     0.7077     0.7317     0.5000     0.8914    
22       0.0027       0.7874     0.6975     0.7000     0.5000     0.8925    
23       0.0026       0.8000     0.7083     0.7186     0.5093     0.8971    
24       0.0019       0.7895     0.6975     0.7037     0.4970     0.8918    
--------------------------------------------------------------------------------

Test Results:
  Accuracy: 0.8069
  F1 (Macro): 0.7222
  F1 per class:
    Negative: 0.7500
    Neutral:  0.5203
    Positive: 0.8963

================================================================================