================================================================================
Multi-Aspect HMAC-Net Training Report
================================================================================

Configuration:
  Model: bert-base-uncased
  Type: Improved - hierarchical
  Loss Type: focal
  Focal Gamma: 2.5
  Class Weights: [1.0, 5.0, 1.0]

Epoch-by-Epoch Metrics:
--------------------------------------------------------------------------------
Epoch    Train Loss   Val Acc    Val F1     Neg F1     Neu F1     Pos F1    
--------------------------------------------------------------------------------
1        0.7169       0.3032     0.2230     0.0000     0.3320     0.3370    
2        0.5087       0.6105     0.4850     0.2524     0.4186     0.7839    
3        0.3652       0.6274     0.5558     0.4806     0.4099     0.7770    
4        0.2895       0.7137     0.5904     0.4567     0.4558     0.8586    
5        0.1942       0.7263     0.6251     0.5390     0.4744     0.8620    
6        0.1424       0.7537     0.6671     0.6216     0.5048     0.8750    
7        0.0947       0.7516     0.6644     0.6282     0.4975     0.8677    
8        0.0776       0.7789     0.6711     0.6410     0.4790     0.8931    
9        0.0548       0.7747     0.6875     0.6500     0.5297     0.8826    
10       0.0492       0.7389     0.6577     0.6433     0.4767     0.8532    
11       0.0383       0.7726     0.6828     0.6582     0.5111     0.8791    
12       0.0274       0.7916     0.7099     0.7018     0.5412     0.8867    
13       0.0220       0.7705     0.6838     0.6584     0.5165     0.8764    
14       0.0143       0.7853     0.6881     0.6747     0.5031     0.8864    
15       0.0144       0.7895     0.6865     0.6871     0.4865     0.8858    
16       0.0144       0.7958     0.7013     0.7108     0.5067     0.8864    
17       0.0080       0.7811     0.6931     0.6864     0.5119     0.8809    
18       0.0066       0.7747     0.6766     0.6744     0.4750     0.8803    
19       0.0034       0.7768     0.6830     0.6667     0.5000     0.8824    
20       0.0042       0.7768     0.6779     0.6705     0.4810     0.8821    
--------------------------------------------------------------------------------

Test Results:
  Accuracy: 0.8210
  F1 (Macro): 0.7505
  F1 per class:
    Negative: 0.7802
    Neutral:  0.5714
    Positive: 0.8998

================================================================================