================================================================================
Multi-Aspect HMAC-Net Training Report
================================================================================

Configuration:
  Model: bert-base-uncased
  Type: Baseline - bert_cls
  Loss Type: focal
  Focal Gamma: 2.0
  Class Weights: None

Epoch-by-Epoch Metrics:
--------------------------------------------------------------------------------
Epoch    Train Loss   Val Acc    Val F1     Neg F1     Neu F1     Pos F1    
--------------------------------------------------------------------------------
1        0.4532       0.6053     0.6036     0.6119     0.6366     0.5624    
2        0.3000       0.7143     0.7109     0.7081     0.7442     0.6805    
3        0.1886       0.7692     0.7669     0.7547     0.7845     0.7614    
4        0.1285       0.8113     0.8064     0.7927     0.8353     0.7911    
5        0.0837       0.7992     0.7970     0.7865     0.8144     0.7900    
6        0.0551       0.8150     0.8107     0.7912     0.8343     0.8066    
7        0.0384       0.8105     0.8042     0.7881     0.8411     0.7834    
8        0.0263       0.8173     0.8109     0.7886     0.8491     0.7951    
9        0.0195       0.8120     0.8064     0.7922     0.8386     0.7883    
10       0.0146       0.8241     0.8178     0.7953     0.8531     0.8050    
11       0.0108       0.8263     0.8218     0.8079     0.8512     0.8062    
12       0.0084       0.8195     0.8125     0.7872     0.8514     0.7990    
13       0.0069       0.8158     0.8088     0.7873     0.8490     0.7900    
14       0.0060       0.8226     0.8161     0.7934     0.8530     0.8020    
15       0.0041       0.8143     0.8102     0.7988     0.8399     0.7920    
16       0.0042       0.8248     0.8192     0.7994     0.8502     0.8080    
17       0.0024       0.8248     0.8200     0.8042     0.8482     0.8074    
18       0.0022       0.8218     0.8178     0.8047     0.8427     0.8059    
19       0.0018       0.8248     0.8195     0.8018     0.8502     0.8064    
20       0.0011       0.8203     0.8165     0.8035     0.8416     0.8043    
21       0.0016       0.8233     0.8191     0.8078     0.8471     0.8024    
--------------------------------------------------------------------------------

Test Results:
  Accuracy: 0.8340
  F1 (Macro): 0.8305
  F1 per class:
    Negative: 0.8161
    Neutral:  0.8506
    Positive: 0.8248

================================================================================