================================================================================
Multi-Aspect HMAC-Net Training Report
================================================================================

Configuration:
  Model: bert-base-uncased
  Type: Baseline - bert_cls
  Loss Type: focal
  Focal Gamma: 2.0
  Class Weights: None

Epoch-by-Epoch Metrics:
--------------------------------------------------------------------------------
Epoch    Train Loss   Val Acc    Val F1     Neg F1     Neu F1     Pos F1    
--------------------------------------------------------------------------------
1        0.4152       0.4290     0.3753     0.6025     0.3452     0.1783    
2        0.2947       0.6213     0.5935     0.7353     0.3699     0.6753    
3        0.1995       0.5947     0.5880     0.6774     0.4231     0.6636    
4        0.1361       0.6923     0.6647     0.7451     0.4780     0.7710    
5        0.0931       0.6864     0.6546     0.7721     0.4375     0.7541    
6        0.0647       0.7367     0.6707     0.7698     0.4314     0.8108    
7        0.0482       0.7189     0.6673     0.7656     0.4211     0.8153    
8        0.0393       0.6923     0.6641     0.7355     0.4524     0.8045    
9        0.0323       0.7633     0.7129     0.8102     0.4959     0.8327    
10       0.0279       0.7515     0.7057     0.8043     0.4812     0.8315    
11       0.0246       0.7574     0.7068     0.8015     0.4839     0.8351    
12       0.0154       0.7574     0.6982     0.8015     0.4643     0.8288    
13       0.0123       0.7337     0.6910     0.7734     0.4681     0.8315    
14       0.0105       0.7278     0.6907     0.7909     0.4828     0.7985    
15       0.0085       0.7426     0.7020     0.7820     0.4964     0.8278    
16       0.0080       0.7396     0.6928     0.7940     0.4627     0.8218    
17       0.0064       0.7456     0.6919     0.8000     0.4590     0.8166    
18       0.0053       0.7456     0.6890     0.8074     0.4426     0.8169    
19       0.0045       0.7367     0.6964     0.7895     0.4789     0.8209    
--------------------------------------------------------------------------------

Test Results:
  Accuracy: 0.7522
  F1 (Macro): 0.6963
  F1 per class:
    Negative: 0.7067
    Neutral:  0.5152
    Positive: 0.8672

================================================================================