================================================================================
Multi-Aspect HMAC-Net Training Report
================================================================================

Configuration:
  Model: bert-base-uncased
  Type: Improved - iarn
  Loss Type: focal
  Focal Gamma: 2.0
  Class Weights: None

Epoch-by-Epoch Metrics:
--------------------------------------------------------------------------------
Epoch    Train Loss   Val Acc    Val F1     Neg F1     Neu F1     Pos F1    
--------------------------------------------------------------------------------
1        0.4815       0.5714     0.5719     0.5752     0.5759     0.5647    
2        0.3315       0.7060     0.6898     0.6384     0.7725     0.6584    
3        0.2276       0.7842     0.7806     0.7598     0.8050     0.7771    
4        0.1408       0.8143     0.8064     0.7732     0.8485     0.7975    
5        0.0878       0.8218     0.8150     0.7868     0.8528     0.8054    
6        0.0568       0.8211     0.8167     0.7901     0.8448     0.8152    
7        0.0386       0.8188     0.8126     0.7841     0.8466     0.8071    
8        0.0289       0.8316     0.8260     0.7975     0.8552     0.8252    
9        0.0194       0.8188     0.8142     0.7916     0.8421     0.8089    
10       0.0115       0.8316     0.8260     0.8024     0.8576     0.8180    
11       0.0090       0.8271     0.8216     0.7928     0.8503     0.8216    
12       0.0082       0.8316     0.8240     0.7905     0.8624     0.8189    
13       0.0065       0.8241     0.8194     0.7975     0.8472     0.8134    
14       0.0054       0.8368     0.8316     0.8136     0.8588     0.8225    
15       0.0057       0.8308     0.8258     0.8068     0.8542     0.8163    
16       0.0028       0.8376     0.8319     0.8050     0.8593     0.8315    
17       0.0029       0.8353     0.8309     0.8088     0.8562     0.8278    
18       0.0027       0.8368     0.8301     0.8056     0.8647     0.8199    
19       0.0020       0.8353     0.8296     0.8068     0.8598     0.8221    
20       0.0026       0.8301     0.8245     0.8037     0.8547     0.8152    
21       0.0011       0.8263     0.8200     0.7981     0.8543     0.8077    
22       0.0006       0.8361     0.8297     0.8081     0.8641     0.8171    
23       0.0012       0.8338     0.8280     0.8069     0.8574     0.8199    
24       0.0007       0.8308     0.8246     0.8019     0.8567     0.8153    
25       0.0018       0.8308     0.8248     0.8012     0.8567     0.8165    
26       0.0009       0.8346     0.8293     0.8117     0.8574     0.8189    
--------------------------------------------------------------------------------

Test Results:
  Accuracy: 0.8512
  F1 (Macro): 0.8456
  F1 per class:
    Negative: 0.8194
    Neutral:  0.8741
    Positive: 0.8433

================================================================================