================================================================================
Multi-Aspect HMAC-Net Training Report
================================================================================

Configuration:
  Model: bert-base-uncased
  Type: Improved - vp_iarn
  Loss Type: focal
  Focal Gamma: 2.0
  Class Weights: [1.0, 5.0, 1.0]

Epoch-by-Epoch Metrics:
--------------------------------------------------------------------------------
Epoch    Train Loss   Val Acc    Val F1     Neg F1     Neu F1     Pos F1    
--------------------------------------------------------------------------------
1        0.7666       0.2442     0.1714     0.0000     0.3148     0.1994    
2        0.6046       0.4905     0.4062     0.2000     0.3704     0.6483    
3        0.4289       0.7158     0.6009     0.4688     0.4675     0.8663    
4        0.3281       0.7053     0.6079     0.5038     0.4691     0.8507    
5        0.2379       0.7221     0.6069     0.4964     0.4615     0.8628    
6        0.1788       0.7095     0.6093     0.5517     0.4306     0.8456    
7        0.1456       0.7242     0.6484     0.6748     0.4365     0.8339    
8        0.1201       0.7200     0.6425     0.6480     0.4456     0.8339    
9        0.0900       0.7579     0.6819     0.6743     0.5079     0.8635    
10       0.0692       0.7642     0.6562     0.6040     0.4855     0.8790    
11       0.0578       0.7726     0.6731     0.6282     0.5087     0.8824    
12       0.0480       0.7747     0.6678     0.6329     0.4875     0.8829    
13       0.0332       0.7768     0.6813     0.6936     0.4744     0.8760    
14       0.0304       0.7768     0.6670     0.6590     0.4672     0.8750    
15       0.0212       0.7895     0.6992     0.6742     0.5395     0.8839    
16       0.0131       0.7684     0.6652     0.6433     0.4774     0.8750    
17       0.0095       0.7726     0.6672     0.6391     0.4837     0.8790    
18       0.0109       0.7642     0.6583     0.6250     0.4768     0.8732    
19       0.0058       0.7747     0.6726     0.6514     0.4868     0.8796    
20       0.0093       0.7705     0.6758     0.6517     0.5000     0.8758    
21       0.0068       0.7811     0.6835     0.6705     0.5000     0.8800    
22       0.0043       0.7811     0.6827     0.6667     0.5000     0.8814    
23       0.0046       0.7768     0.6802     0.6550     0.5063     0.8792    
--------------------------------------------------------------------------------

Test Results:
  Accuracy: 0.8118
  F1 (Macro): 0.7269
  F1 per class:
    Negative: 0.7417
    Neutral:  0.5415
    Positive: 0.8976

================================================================================