================================================================================
Multi-Aspect HMAC-Net Training Report
================================================================================

Configuration:
  Model: bert-base-uncased
  Type: Improved - iarn
  Loss Type: focal
  Focal Gamma: 2.0
  Class Weights: None

Epoch-by-Epoch Metrics:
--------------------------------------------------------------------------------
Epoch    Train Loss   Val Acc    Val F1     Neg F1     Neu F1     Pos F1    
--------------------------------------------------------------------------------
1        0.4690       0.5984     0.4408     0.5948     0.0267     0.7009    
2        0.3504       0.6658     0.6156     0.7500     0.3522     0.7445    
3        0.2246       0.6140     0.6021     0.6897     0.4196     0.6969    
4        0.1468       0.7047     0.6538     0.7901     0.4052     0.7661    
5        0.0989       0.7358     0.7008     0.7838     0.5030     0.8155    
6        0.0675       0.7461     0.7251     0.7914     0.5654     0.8185    
7        0.0592       0.6839     0.6727     0.7422     0.5089     0.7671    
8        0.0436       0.6969     0.6812     0.7774     0.5294     0.7368    
9        0.0422       0.7383     0.7035     0.8039     0.5091     0.7973    
10       0.0313       0.7098     0.6875     0.7798     0.5000     0.7826    
11       0.0255       0.7694     0.7270     0.8039     0.5429     0.8344    
12       0.0213       0.7306     0.7032     0.7943     0.5165     0.7987    
13       0.0192       0.7098     0.6925     0.7612     0.5243     0.7919    
14       0.0148       0.7021     0.6794     0.7774     0.4948     0.7661    
15       0.0105       0.7280     0.6960     0.7829     0.5119     0.7933    
16       0.0094       0.7409     0.7140     0.7902     0.5455     0.8065    
17       0.0062       0.7254     0.6996     0.7786     0.5189     0.8013    
18       0.0053       0.7358     0.7028     0.7891     0.5181     0.8013    
19       0.0043       0.7435     0.7145     0.7814     0.5434     0.8187    
20       0.0047       0.7228     0.6985     0.7742     0.5213     0.8000    
21       0.0038       0.7306     0.7043     0.7786     0.5304     0.8039    
--------------------------------------------------------------------------------

Test Results:
  Accuracy: 0.7196
  F1 (Macro): 0.6502
  F1 per class:
    Negative: 0.6929
    Neutral:  0.4148
    Positive: 0.8429

================================================================================