================================================================================
Multi-Aspect HMAC-Net Training Report
================================================================================

Configuration:
  Model: bert-base-uncased
  Type: Improved - iarn
  Loss Type: focal
  Focal Gamma: 2.5
  Class Weights: [1.0, 5.0, 1.0]

Epoch-by-Epoch Metrics:
--------------------------------------------------------------------------------
Epoch    Train Loss   Val Acc    Val F1     Neg F1     Neu F1     Pos F1    
--------------------------------------------------------------------------------
1        0.6254       0.3916     0.2887     0.0000     0.3636     0.5024    
2        0.4909       0.6126     0.5376     0.4286     0.4133     0.7710    
3        0.3417       0.7179     0.6007     0.4603     0.4721     0.8697    
4        0.2641       0.6926     0.6056     0.5000     0.4825     0.8342    
5        0.1983       0.7221     0.6238     0.5441     0.4706     0.8567    
6        0.1569       0.7095     0.6032     0.5833     0.3908     0.8355    
7        0.1310       0.7389     0.6313     0.5906     0.4420     0.8613    
8        0.1130       0.6842     0.6140     0.5949     0.4386     0.8085    
9        0.0884       0.7389     0.6593     0.6667     0.4656     0.8456    
10       0.0769       0.7389     0.6321     0.5694     0.4632     0.8636    
11       0.0672       0.7684     0.6691     0.6667     0.4643     0.8764    
12       0.0484       0.7895     0.6812     0.6792     0.4762     0.8882    
13       0.0403       0.7705     0.6597     0.6591     0.4371     0.8828    
14       0.0275       0.7684     0.6592     0.6592     0.4444     0.8740    
15       0.0305       0.7832     0.6841     0.6627     0.5031     0.8864    
16       0.0167       0.7811     0.6953     0.6667     0.5371     0.8820    
17       0.0155       0.7768     0.6854     0.6585     0.5176     0.8799    
18       0.0100       0.7832     0.6789     0.6744     0.4795     0.8829    
19       0.0110       0.7832     0.6915     0.6706     0.5217     0.8821    
20       0.0093       0.7747     0.6835     0.6590     0.5153     0.8762    
21       0.0077       0.7811     0.6834     0.6706     0.4968     0.8828    
22       0.0048       0.7789     0.6815     0.6588     0.5031     0.8824    
23       0.0056       0.7789     0.6835     0.6667     0.5031     0.8806    
24       0.0046       0.7811     0.6832     0.6667     0.5000     0.8828    
--------------------------------------------------------------------------------

Test Results:
  Accuracy: 0.8189
  F1 (Macro): 0.7433
  F1 per class:
    Negative: 0.7520
    Neutral:  0.5761
    Positive: 0.9019

================================================================================