================================================================================
Multi-Aspect HMAC-Net Training Report
================================================================================

Configuration:
  Model: distilbert-base-uncased
  PMAC: Enabled (Selective)
  IARM: Enabled (Transformer)
  Loss Type: focal
  Focal Gamma: 2.5
  Class Weights: [1.0, 8.0, 1.0]

Epoch-by-Epoch Metrics:
--------------------------------------------------------------------------------
Epoch    Train Loss   Val Acc    Val F1     Neg F1     Neu F1     Pos F1    
--------------------------------------------------------------------------------
1        0.9808       0.2041     0.1240     0.0000     0.3292     0.0429    
2        0.7758       0.3609     0.3292     0.0851     0.3846     0.5178    
3        0.5767       0.5680     0.5747     0.6359     0.4435     0.6445    
4        0.4528       0.6538     0.6449     0.6635     0.4929     0.7782    
5        0.3602       0.6213     0.6220     0.6818     0.4737     0.7105    
6        0.3034       0.6450     0.6334     0.7480     0.4646     0.6875    
7        0.2056       0.6982     0.6570     0.7686     0.4247     0.7778    
8        0.1809       0.6953     0.6658     0.7162     0.4671     0.8143    
9        0.1545       0.6450     0.6451     0.6944     0.5198     0.7210    
10       0.1328       0.7367     0.7096     0.7692     0.5419     0.8175    
11       0.1154       0.7308     0.7108     0.7627     0.5697     0.8000    
12       0.1121       0.7337     0.6869     0.7704     0.4762     0.8143    
13       0.1136       0.6982     0.6822     0.7570     0.5222     0.7673    
14       0.0847       0.7278     0.6964     0.7879     0.5135     0.7879    
15       0.0798       0.7012     0.6911     0.7424     0.5654     0.7656    
16       0.0850       0.7130     0.6915     0.7552     0.5399     0.7794    
17       0.0677       0.7396     0.7011     0.7823     0.5072     0.8138    
18       0.0686       0.6864     0.6762     0.7395     0.5503     0.7390    
19       0.0619       0.7101     0.6505     0.7557     0.4000     0.7959    
20       0.0644       0.7130     0.6939     0.7429     0.5509     0.7879    
21       0.0574       0.7249     0.7025     0.7631     0.5535     0.7910    
22       0.0626       0.7130     0.6893     0.7510     0.5350     0.7820    
23       0.0564       0.7249     0.6930     0.7631     0.5101     0.8058    
24       0.0560       0.7189     0.6943     0.7570     0.5350     0.7910    
25       0.0567       0.7189     0.6943     0.7570     0.5350     0.7910    
26       0.0551       0.7189     0.6880     0.7570     0.5101     0.7971    
27       0.0572       0.7249     0.6994     0.7631     0.5350     0.8000    
28       0.0558       0.7249     0.6994     0.7631     0.5350     0.8000    
29       0.0530       0.7249     0.6994     0.7631     0.5350     0.8000    
30       0.0549       0.7249     0.6994     0.7631     0.5350     0.8000    
--------------------------------------------------------------------------------

Test Results:
  Accuracy: 0.7663
  F1 (Macro): 0.7268
  F1 per class:
    Negative: 0.6769
    Neutral:  0.6375
    Positive: 0.8660

Selective PMAC Gate Statistics:
  Gate Mean: 0.2052 ± 0.1176
  Gate Range: [0.0000, 0.3890]
  Gate Median: 0.2512
  Gate Q25-Q75: [0.2046, 0.2838]
  Sparsity (gate < 0.1): 23.4%
  Activation Rate (gate > 0.5): 0.0%
  Total Gates: 7416

Interpretation:
  ✗ Low sparsity: May be over-composing aspects

================================================================================