================================================================================
Multi-Aspect HMAC-Net Training Report
================================================================================

Configuration:
  Model: bert-base-uncased
  Type: Improved - hierarchical
  Loss Type: focal
  Focal Gamma: 2.0
  Class Weights: None

Epoch-by-Epoch Metrics:
--------------------------------------------------------------------------------
Epoch    Train Loss   Val Acc    Val F1     Neg F1     Neu F1     Pos F1    
--------------------------------------------------------------------------------
1        0.5171       0.6053     0.6014     0.5831     0.6447     0.5764    
2        0.3503       0.6880     0.6870     0.6897     0.7090     0.6623    
3        0.2229       0.7752     0.7727     0.7809     0.7936     0.7435    
4        0.1429       0.7827     0.7810     0.7776     0.7964     0.7689    
5        0.0979       0.7571     0.7591     0.7763     0.7563     0.7445    
6        0.0675       0.8053     0.8010     0.7795     0.8284     0.7951    
7        0.0461       0.8180     0.8143     0.8036     0.8374     0.8020    
8        0.0306       0.8195     0.8130     0.7881     0.8456     0.8054    
9        0.0211       0.8128     0.8070     0.7853     0.8406     0.7952    
10       0.0168       0.8218     0.8153     0.7943     0.8482     0.8034    
11       0.0141       0.8180     0.8120     0.7867     0.8429     0.8065    
12       0.0093       0.8211     0.8160     0.7994     0.8453     0.8034    
13       0.0077       0.8241     0.8168     0.7910     0.8511     0.8084    
14       0.0054       0.8226     0.8160     0.7883     0.8471     0.8127    
15       0.0057       0.8218     0.8163     0.7916     0.8460     0.8113    
16       0.0029       0.8226     0.8176     0.8025     0.8465     0.8039    
17       0.0040       0.8218     0.8156     0.7944     0.8484     0.8039    
18       0.0030       0.8218     0.8157     0.7907     0.8467     0.8098    
19       0.0018       0.8226     0.8176     0.7988     0.8460     0.8082    
20       0.0020       0.8233     0.8166     0.7924     0.8507     0.8068    
21       0.0020       0.8256     0.8193     0.7962     0.8524     0.8092    
22       0.0010       0.8293     0.8234     0.8019     0.8543     0.8139    
23       0.0010       0.8256     0.8187     0.7925     0.8529     0.8108    
24       0.0006       0.8286     0.8232     0.8037     0.8526     0.8133    
25       0.0007       0.8226     0.8157     0.7887     0.8498     0.8084    
26       0.0010       0.8226     0.8156     0.7900     0.8510     0.8059    
27       0.0006       0.8248     0.8185     0.7938     0.8503     0.8114    
28       0.0011       0.8256     0.8194     0.7963     0.8515     0.8104    
29       0.0003       0.8248     0.8184     0.7944     0.8515     0.8094    
30       0.0004       0.8248     0.8183     0.7944     0.8522     0.8084    
--------------------------------------------------------------------------------

Test Results:
  Accuracy: 0.8377
  F1 (Macro): 0.8329
  F1 per class:
    Negative: 0.8102
    Neutral:  0.8569
    Positive: 0.8314

================================================================================