================================================================================
Multi-Aspect HMAC-Net Training Report
================================================================================

Configuration:
  Model: distilbert-base-uncased
  PMAC: Disabled
  IARM: Disabled
  Loss Type: focal
  Focal Gamma: 2.0
  Class Weights: [1.0, 5.0, 1.0]

Epoch-by-Epoch Metrics:
--------------------------------------------------------------------------------
Epoch    Train Loss   Val Acc    Val F1     Neg F1     Neu F1     Pos F1    
--------------------------------------------------------------------------------
1        0.8127       0.4534     0.2096     0.0000     0.6238     0.0049    
2        0.6646       0.4654     0.2442     0.0525     0.6326     0.0476    
3        0.5933       0.4654     0.2506     0.1155     0.6365     0.0000    
4        0.4855       0.5985     0.5230     0.5903     0.7064     0.2722    
5        0.4056       0.6135     0.5492     0.5810     0.7211     0.3455    
6        0.3534       0.6226     0.5621     0.6090     0.7245     0.3527    
7        0.3137       0.6286     0.5745     0.5866     0.7308     0.4061    
8        0.2857       0.6323     0.5792     0.5926     0.7336     0.4116    
9        0.2577       0.6519     0.6095     0.5974     0.7442     0.4867    
10       0.2316       0.6722     0.6386     0.6441     0.7586     0.5131    
11       0.2084       0.6744     0.6447     0.6483     0.7583     0.5275    
12       0.1900       0.6820     0.6534     0.6475     0.7647     0.5481    
13       0.1729       0.6752     0.6443     0.6269     0.7601     0.5457    
14       0.1668       0.6902     0.6656     0.6538     0.7662     0.5768    
15       0.1512       0.7068     0.6861     0.6590     0.7745     0.6248    
16       0.1405       0.7008     0.6791     0.6667     0.7687     0.6019    
17       0.1305       0.7135     0.7006     0.6919     0.7671     0.6427    
18       0.1220       0.6992     0.6796     0.6634     0.7665     0.6089    
19       0.1123       0.6977     0.6800     0.6621     0.7607     0.6172    
20       0.1038       0.7158     0.7035     0.6862     0.7686     0.6558    
21       0.1007       0.7083     0.6932     0.6797     0.7678     0.6320    
22       0.0942       0.7143     0.6996     0.6782     0.7722     0.6483    
23       0.0894       0.7173     0.7025     0.6828     0.7752     0.6494    
24       0.0844       0.7143     0.7000     0.6852     0.7706     0.6442    
25       0.0821       0.7180     0.7054     0.6839     0.7715     0.6608    
26       0.0782       0.7143     0.6995     0.6817     0.7718     0.6449    
27       0.0815       0.7173     0.7037     0.6806     0.7732     0.6573    
28       0.0758       0.7135     0.6999     0.6785     0.7700     0.6514    
29       0.0767       0.7128     0.6991     0.6774     0.7687     0.6513    
30       0.0763       0.7135     0.6999     0.6774     0.7700     0.6522    
--------------------------------------------------------------------------------

Test Results:
  Accuracy: 0.7258
  F1 (Macro): 0.7161
  F1 per class:
    Negative: 0.7400
    Neutral:  0.7692
    Positive: 0.6390

================================================================================