================================================================================
Multi-Aspect HMAC-Net Training Report
================================================================================

Configuration:
  Model: bert-base-uncased
  Type: Improved - iarn
  Loss Type: focal
  Focal Gamma: 2.5
  Class Weights: [1.0, 5.0, 1.0]

Epoch-by-Epoch Metrics:
--------------------------------------------------------------------------------
Epoch    Train Loss   Val Acc    Val F1     Neg F1     Neu F1     Pos F1    
--------------------------------------------------------------------------------
1        0.6290       0.2219     0.1525     0.0000     0.3359     0.1216    
2        0.5122       0.6124     0.5965     0.7206     0.4021     0.6667    
3        0.3369       0.5710     0.5718     0.7143     0.4298     0.5714    
4        0.2266       0.6331     0.6243     0.6377     0.4695     0.7656    
5        0.1510       0.6272     0.6243     0.6698     0.4706     0.7325    
6        0.1352       0.6065     0.6084     0.7232     0.4655     0.6364    
7        0.1032       0.7101     0.6890     0.7711     0.5146     0.7812    
8        0.0932       0.6450     0.6284     0.7126     0.4432     0.7295    
9        0.0728       0.6982     0.6726     0.7939     0.4790     0.7449    
10       0.0647       0.7160     0.6943     0.7953     0.5176     0.7698    
11       0.0503       0.7367     0.7013     0.7860     0.5180     0.8000    
12       0.0415       0.7337     0.6962     0.7833     0.4965     0.8088    
13       0.0418       0.6657     0.6561     0.7500     0.4925     0.7257    
14       0.0448       0.7160     0.7001     0.7686     0.5475     0.7843    
15       0.0318       0.7396     0.6992     0.7907     0.4928     0.8143    
16       0.0268       0.7367     0.6999     0.7952     0.4932     0.8114    
17       0.0247       0.7101     0.6864     0.7765     0.4970     0.7857    
18       0.0198       0.7249     0.6931     0.7765     0.5000     0.8030    
19       0.0174       0.7308     0.6949     0.7970     0.4832     0.8046    
--------------------------------------------------------------------------------

Test Results:
  Accuracy: 0.7359
  F1 (Macro): 0.6800
  F1 per class:
    Negative: 0.7051
    Neutral:  0.4887
    Positive: 0.8464

================================================================================