================================================================================
Multi-Aspect HMAC-Net Training Report
================================================================================

Configuration:
  Model: bert-base-uncased
  Type: Improved - hierarchical
  Loss Type: focal
  Focal Gamma: 2.5
  Class Weights: [1.0, 5.0, 1.0]

Epoch-by-Epoch Metrics:
--------------------------------------------------------------------------------
Epoch    Train Loss   Val Acc    Val F1     Neg F1     Neu F1     Pos F1    
--------------------------------------------------------------------------------
1        0.7009       0.2101     0.1337     0.0000     0.3308     0.0704    
2        0.5410       0.4527     0.4576     0.3905     0.4052     0.5771    
3        0.3715       0.6065     0.6023     0.6967     0.4465     0.6636    
4        0.2530       0.6154     0.6075     0.5842     0.4685     0.7698    
5        0.1708       0.6716     0.6347     0.7380     0.4161     0.7500    
6        0.1259       0.6154     0.6121     0.6542     0.4434     0.7386    
7        0.0994       0.6627     0.6431     0.7082     0.4494     0.7718    
8        0.0884       0.6982     0.6531     0.7727     0.4173     0.7692    
9        0.0611       0.7071     0.6808     0.7799     0.4908     0.7717    
10       0.0465       0.6893     0.6707     0.7480     0.4944     0.7698    
11       0.0471       0.7278     0.6942     0.7888     0.4966     0.7971    
12       0.0320       0.7130     0.6815     0.7739     0.4933     0.7774    
13       0.0235       0.7426     0.7132     0.7939     0.5442     0.8015    
14       0.0185       0.7101     0.6768     0.7852     0.4737     0.7717    
15       0.0142       0.7071     0.6794     0.7874     0.4845     0.7663    
16       0.0091       0.7278     0.6927     0.7970     0.4932     0.7879    
17       0.0131       0.7249     0.6915     0.8074     0.4966     0.7704    
18       0.0091       0.7337     0.6946     0.8077     0.4892     0.7870    
19       0.0076       0.7426     0.7112     0.8231     0.5270     0.7836    
20       0.0056       0.7396     0.7033     0.8165     0.5070     0.7865    
21       0.0053       0.7367     0.7026     0.8090     0.5139     0.7849    
--------------------------------------------------------------------------------

Test Results:
  Accuracy: 0.7446
  F1 (Macro): 0.6901
  F1 per class:
    Negative: 0.6981
    Neutral:  0.5114
    Positive: 0.8609

================================================================================