================================================================================
Multi-Aspect HMAC-Net Training Report
================================================================================

Configuration:
  Model: bert-base-uncased
  Type: Baseline - bert_cls
  Loss Type: focal
  Focal Gamma: 2.5
  Class Weights: [1.0, 5.0, 1.0]

Epoch-by-Epoch Metrics:
--------------------------------------------------------------------------------
Epoch    Train Loss   Val Acc    Val F1     Neg F1     Neu F1     Pos F1    
--------------------------------------------------------------------------------
1        0.6995       0.2485     0.2010     0.1961     0.3368     0.0699    
2        0.4339       0.5592     0.5593     0.6807     0.3983     0.5990    
3        0.2887       0.6036     0.5999     0.6752     0.4372     0.6872    
4        0.1889       0.6331     0.6235     0.6381     0.4528     0.7795    
5        0.1326       0.6805     0.6612     0.7398     0.4615     0.7823    
6        0.1014       0.7041     0.6611     0.7440     0.4336     0.8057    
7        0.0840       0.6627     0.6480     0.7429     0.4479     0.7531    
8        0.0766       0.6657     0.6502     0.6789     0.4670     0.8046    
9        0.0477       0.7485     0.7234     0.7984     0.5500     0.8217    
10       0.0435       0.7456     0.7148     0.7969     0.5298     0.8178    
11       0.0318       0.7189     0.6980     0.7611     0.5172     0.8157    
12       0.0239       0.7367     0.7055     0.7910     0.5098     0.8157    
13       0.0230       0.7219     0.6770     0.7638     0.4559     0.8112    
14       0.0151       0.7544     0.7069     0.8075     0.4921     0.8211    
15       0.0167       0.7219     0.6914     0.7611     0.5000     0.8132    
16       0.0113       0.7308     0.6917     0.7879     0.4857     0.8015    
17       0.0076       0.7367     0.6949     0.7879     0.4853     0.8116    
--------------------------------------------------------------------------------

Test Results:
  Accuracy: 0.7500
  F1 (Macro): 0.7095
  F1 per class:
    Negative: 0.7022
    Neutral:  0.5644
    Positive: 0.8617

================================================================================