================================================================================
Multi-Aspect HMAC-Net Training Report
================================================================================

Configuration:
  Model: bert-base-uncased
  Type: Improved - vp_iarn
  Loss Type: focal
  Focal Gamma: 2.0
  Class Weights: [1.0, 3.0, 1.0]

Epoch-by-Epoch Metrics:
--------------------------------------------------------------------------------
Epoch    Train Loss   Val Acc    Val F1     Neg F1     Neu F1     Pos F1    
--------------------------------------------------------------------------------
1        0.7164       0.4526     0.2077     0.0000     0.6232     0.0000    
2        0.5438       0.6263     0.5700     0.5963     0.7167     0.3971    
3        0.4088       0.7383     0.7197     0.6821     0.7967     0.6802    
4        0.2873       0.7955     0.7833     0.7670     0.8320     0.7511    
5        0.1960       0.8120     0.8013     0.7758     0.8450     0.7831    
6        0.1280       0.8414     0.8340     0.8057     0.8686     0.8278    
7        0.0783       0.8353     0.8282     0.8037     0.8629     0.8178    
8        0.0610       0.8338     0.8253     0.7988     0.8663     0.8108    
9        0.0395       0.8436     0.8365     0.8061     0.8728     0.8306    
10       0.0340       0.8414     0.8351     0.8131     0.8686     0.8235    
11       0.0245       0.8496     0.8449     0.8359     0.8696     0.8293    
12       0.0188       0.8331     0.8255     0.8046     0.8594     0.8124    
13       0.0135       0.8421     0.8379     0.8206     0.8627     0.8302    
14       0.0167       0.8421     0.8348     0.8106     0.8708     0.8229    
15       0.0096       0.8414     0.8367     0.8187     0.8629     0.8284    
16       0.0113       0.8391     0.8335     0.8115     0.8659     0.8232    
17       0.0095       0.8459     0.8390     0.8087     0.8723     0.8360    
18       0.0077       0.8406     0.8333     0.8038     0.8708     0.8254    
19       0.0060       0.8353     0.8289     0.8043     0.8626     0.8196    
20       0.0070       0.8474     0.8405     0.8132     0.8744     0.8339    
21       0.0062       0.8459     0.8393     0.8136     0.8725     0.8319    
22       0.0068       0.8459     0.8390     0.8111     0.8740     0.8319    
23       0.0018       0.8474     0.8398     0.8068     0.8773     0.8352    
--------------------------------------------------------------------------------

Test Results:
  Accuracy: 0.8415
  F1 (Macro): 0.8348
  F1 per class:
    Negative: 0.8065
    Neutral:  0.8684
    Positive: 0.8294

================================================================================