================================================================================
Multi-Aspect HMAC-Net Training Report
================================================================================

Configuration:
  Model: distilbert-base-uncased
  PMAC: Disabled
  IARM: Disabled
  Loss Type: focal
  Focal Gamma: 2.5
  Class Weights: [1.0, 8.0, 1.0]

Epoch-by-Epoch Metrics:
--------------------------------------------------------------------------------
Epoch    Train Loss   Val Acc    Val F1     Neg F1     Neu F1     Pos F1    
--------------------------------------------------------------------------------
1        0.8565       0.1811     0.1087     0.0000     0.2940     0.0322    
2        0.5052       0.5137     0.3838     0.0659     0.3926     0.6929    
3        0.3934       0.6232     0.5254     0.3621     0.4186     0.7955    
4        0.3057       0.5432     0.5114     0.4603     0.4000     0.6738    
5        0.2277       0.6947     0.6064     0.5373     0.4426     0.8392    
6        0.1562       0.6589     0.6185     0.6438     0.4307     0.7811    
7        0.1151       0.7389     0.6756     0.7000     0.4771     0.8497    
8        0.0793       0.7347     0.6605     0.6538     0.4744     0.8532    
9        0.0746       0.7642     0.6716     0.6575     0.4767     0.8805    
10       0.0577       0.7558     0.6755     0.6753     0.4780     0.8731    
11       0.0473       0.7600     0.6701     0.6584     0.4737     0.8781    
12       0.0469       0.8021     0.7104     0.7126     0.5190     0.8997    
13       0.0337       0.7600     0.6840     0.6893     0.4947     0.8679    
14       0.0249       0.7579     0.6801     0.6994     0.4742     0.8668    
15       0.0184       0.7853     0.6898     0.6971     0.4815     0.8907    
16       0.0127       0.7600     0.6905     0.7030     0.5025     0.8660    
17       0.0137       0.7621     0.6800     0.6882     0.4855     0.8663    
18       0.0093       0.7853     0.6898     0.7024     0.4785     0.8885    
19       0.0101       0.7895     0.6967     0.7011     0.4940     0.8951    
20       0.0057       0.7789     0.6955     0.6977     0.5056     0.8833    
21       0.0064       0.7895     0.6991     0.6932     0.5122     0.8918    
22       0.0082       0.7705     0.6914     0.7006     0.5000     0.8735    
23       0.0067       0.7853     0.6967     0.6977     0.5029     0.8896    
24       0.0040       0.7895     0.7015     0.7011     0.5119     0.8914    
--------------------------------------------------------------------------------

Test Results:
  Accuracy: 0.8125
  F1 (Macro): 0.7220
  F1 per class:
    Negative: 0.7344
    Neutral:  0.5301
    Positive: 0.9014

================================================================================