================================================================================
Multi-Aspect HMAC-Net Training Report
================================================================================

Configuration:
  Model: distilbert-base-uncased
  PMAC: Disabled
  IARM: Disabled
  Loss Type: focal
  Focal Gamma: 2.5
  Class Weights: [1.0, 8.0, 1.0]

Epoch-by-Epoch Metrics:
--------------------------------------------------------------------------------
Epoch    Train Loss   Val Acc    Val F1     Neg F1     Neu F1     Pos F1    
--------------------------------------------------------------------------------
1        1.0934       0.4526     0.2077     0.0000     0.6232     0.0000    
2        0.6287       0.5684     0.4560     0.5687     0.6850     0.1142    
3        0.4355       0.6361     0.5718     0.4787     0.7187     0.5179    
4        0.2968       0.7699     0.7535     0.7355     0.8081     0.7170    
5        0.2162       0.7992     0.7847     0.7452     0.8361     0.7729    
6        0.1618       0.8165     0.8065     0.7760     0.8502     0.7932    
7        0.1203       0.8195     0.8115     0.7988     0.8526     0.7833    
8        0.0885       0.8248     0.8146     0.7859     0.8605     0.7974    
9        0.0727       0.8143     0.8054     0.7738     0.8463     0.7961    
10       0.0545       0.8068     0.7961     0.7649     0.8388     0.7845    
11       0.0446       0.8158     0.8067     0.7821     0.8494     0.7887    
12       0.0333       0.8271     0.8188     0.7937     0.8597     0.8030    
13       0.0276       0.8195     0.8128     0.7906     0.8486     0.7990    
14       0.0256       0.8271     0.8182     0.7878     0.8583     0.8086    
15       0.0178       0.8158     0.8081     0.7776     0.8458     0.8010    
16       0.0189       0.8195     0.8122     0.7832     0.8509     0.8024    
17       0.0145       0.8203     0.8118     0.7822     0.8527     0.8005    
18       0.0107       0.8248     0.8182     0.7988     0.8518     0.8041    
19       0.0091       0.8241     0.8145     0.7778     0.8578     0.8078    
20       0.0099       0.8226     0.8152     0.7892     0.8538     0.8024    
21       0.0056       0.8218     0.8140     0.7847     0.8536     0.8039    
22       0.0071       0.8286     0.8208     0.7899     0.8586     0.8138    
23       0.0069       0.8248     0.8180     0.7924     0.8538     0.8077    
24       0.0064       0.8301     0.8213     0.7904     0.8629     0.8105    
25       0.0045       0.8293     0.8226     0.8013     0.8581     0.8084    
26       0.0033       0.8338     0.8264     0.8006     0.8637     0.8149    
27       0.0027       0.8286     0.8217     0.7987     0.8576     0.8088    
28       0.0065       0.8256     0.8180     0.7917     0.8564     0.8059    
29       0.0035       0.8263     0.8190     0.7937     0.8564     0.8068    
30       0.0023       0.8271     0.8196     0.7937     0.8574     0.8078    
--------------------------------------------------------------------------------

Test Results:
  Accuracy: 0.8392
  F1 (Macro): 0.8349
  F1 per class:
    Negative: 0.8205
    Neutral:  0.8583
    Positive: 0.8258

================================================================================