================================================================================
Multi-Aspect HMAC-Net Training Report
================================================================================

Configuration:
  Model: bert-base-uncased
  Type: Improved - hsa
  Loss Type: focal
  Focal Gamma: 2.0
  Class Weights: None

Epoch-by-Epoch Metrics:
--------------------------------------------------------------------------------
Epoch    Train Loss   Val Acc    Val F1     Neg F1     Neu F1     Pos F1    
--------------------------------------------------------------------------------
1        0.3696       0.6589     0.5893     0.5867     0.4000     0.7813    
2        0.2716       0.6989     0.6310     0.6174     0.4734     0.8022    
3        0.2058       0.6274     0.5958     0.6561     0.4016     0.7298    
4        0.1558       0.7221     0.6450     0.6417     0.4599     0.8333    
5        0.1095       0.7474     0.6700     0.6552     0.5027     0.8523    
6        0.0818       0.7432     0.6573     0.6704     0.4469     0.8547    
7        0.0538       0.7958     0.7041     0.7111     0.5098     0.8914    
8        0.0497       0.7411     0.6714     0.6966     0.4718     0.8458    
9        0.0365       0.7916     0.6969     0.6854     0.5166     0.8889    
10       0.0254       0.7874     0.7016     0.7027     0.5190     0.8830    
11       0.0239       0.7495     0.6745     0.7041     0.4713     0.8483    
12       0.0179       0.8021     0.7175     0.7251     0.5342     0.8932    
13       0.0123       0.7937     0.6972     0.7030     0.4968     0.8917    
14       0.0088       0.7832     0.7033     0.7126     0.5207     0.8764    
15       0.0066       0.8000     0.7164     0.7093     0.5500     0.8900    
16       0.0057       0.7368     0.6660     0.6824     0.4724     0.8434    
17       0.0047       0.8063     0.7126     0.7126     0.5270     0.8981    
18       0.0037       0.7832     0.6963     0.6932     0.5153     0.8805    
19       0.0040       0.8000     0.7055     0.6977     0.5229     0.8960    
20       0.0028       0.7789     0.6877     0.6897     0.4938     0.8795    
21       0.0031       0.7874     0.6928     0.6587     0.5269     0.8929    
22       0.0023       0.7916     0.6928     0.6746     0.5096     0.8942    
--------------------------------------------------------------------------------

Test Results:
  Accuracy: 0.8090
  F1 (Macro): 0.7217
  F1 per class:
    Negative: 0.7276
    Neutral:  0.5353
    Positive: 0.9023

================================================================================