================================================================================
Multi-Aspect HMAC-Net Training Report
================================================================================

Configuration:
  Model: bert-base-uncased
  Type: Improved - hierarchical
  Loss Type: focal
  Focal Gamma: 2.0
  Class Weights: None

Epoch-by-Epoch Metrics:
--------------------------------------------------------------------------------
Epoch    Train Loss   Val Acc    Val F1     Neg F1     Neu F1     Pos F1    
--------------------------------------------------------------------------------
1        0.9175       0.5492     0.5188     0.5294     0.3505     0.6765    
2        0.7876       0.6425     0.5927     0.7007     0.3333     0.7440    
3        0.6449       0.7176     0.6661     0.7888     0.4366     0.7727    
4        0.5356       0.7254     0.6728     0.7626     0.4444     0.8114    
5        0.4722       0.7383     0.6945     0.7544     0.5034     0.8256    
6        0.4234       0.7358     0.7125     0.7942     0.5340     0.8092    
7        0.3963       0.7409     0.7135     0.8000     0.5275     0.8129    
8        0.3805       0.7720     0.7304     0.8041     0.5493     0.8378    
9        0.3627       0.7539     0.7156     0.8000     0.5223     0.8246    
10       0.3496       0.7409     0.7121     0.7929     0.5281     0.8153    
11       0.3492       0.7461     0.7200     0.7761     0.5618     0.8221    
12       0.3346       0.7668     0.7339     0.8027     0.5625     0.8365    
13       0.3298       0.7383     0.6929     0.7793     0.4800     0.8193    
14       0.3280       0.7513     0.7137     0.7810     0.5283     0.8319    
15       0.3251       0.7642     0.7250     0.7986     0.5479     0.8284    
16       0.3245       0.7565     0.7289     0.7943     0.5632     0.8291    
17       0.3205       0.7513     0.7204     0.7774     0.5542     0.8297    
18       0.3210       0.7513     0.7203     0.7872     0.5476     0.8261    
19       0.3192       0.7435     0.7129     0.7814     0.5349     0.8224    
20       0.3210       0.7513     0.7196     0.7902     0.5488     0.8199    
21       0.3194       0.7617     0.7331     0.7986     0.5714     0.8291    
22       0.3182       0.7617     0.7332     0.7944     0.5749     0.8302    
--------------------------------------------------------------------------------

Test Results:
  Accuracy: 0.7435
  F1 (Macro): 0.6792
  F1 per class:
    Negative: 0.6974
    Neutral:  0.4712
    Positive: 0.8689

================================================================================