================================================================================
Multi-Aspect HMAC-Net Training Report
================================================================================

Configuration:
  Model: distilbert-base-uncased
  PMAC: Disabled
  IARM: Disabled
  Loss Type: focal
  Focal Gamma: 2.5
  Class Weights: [1.0, 8.0, 1.0]

Epoch-by-Epoch Metrics:
--------------------------------------------------------------------------------
Epoch    Train Loss   Val Acc    Val F1     Neg F1     Neu F1     Pos F1    
--------------------------------------------------------------------------------
1        0.7556       0.4526     0.2077     0.0000     0.6232     0.0000    
2        0.6227       0.4526     0.2077     0.0000     0.6232     0.0000    
3        0.4769       0.6767     0.6395     0.6291     0.7556     0.5340    
4        0.3196       0.7308     0.7072     0.7074     0.7787     0.6355    
5        0.2149       0.7579     0.7354     0.7043     0.8052     0.6967    
6        0.1472       0.8218     0.8107     0.7882     0.8589     0.7851    
7        0.1072       0.8316     0.8230     0.7988     0.8628     0.8074    
8        0.0777       0.8376     0.8291     0.8038     0.8693     0.8143    
9        0.0620       0.8308     0.8233     0.7930     0.8622     0.8148    
10       0.0497       0.8316     0.8242     0.7955     0.8578     0.8191    
11       0.0367       0.8346     0.8292     0.8149     0.8593     0.8133    
12       0.0301       0.8368     0.8293     0.8083     0.8659     0.8137    
13       0.0205       0.8346     0.8282     0.8105     0.8621     0.8121    
14       0.0257       0.8323     0.8249     0.8056     0.8634     0.8056    
15       0.0122       0.8376     0.8307     0.8056     0.8649     0.8215    
16       0.0185       0.8444     0.8368     0.8082     0.8733     0.8290    
17       0.0171       0.8331     0.8264     0.8037     0.8616     0.8139    
18       0.0100       0.8398     0.8332     0.8056     0.8651     0.8288    
19       0.0064       0.8391     0.8317     0.8025     0.8656     0.8269    
20       0.0054       0.8398     0.8326     0.8024     0.8671     0.8281    
21       0.0130       0.8383     0.8312     0.8063     0.8650     0.8225    
22       0.0036       0.8383     0.8320     0.8088     0.8645     0.8227    
23       0.0054       0.8436     0.8369     0.8088     0.8694     0.8325    
24       0.0031       0.8391     0.8319     0.8056     0.8669     0.8232    
25       0.0108       0.8391     0.8327     0.8081     0.8644     0.8254    
26       0.0043       0.8398     0.8339     0.8138     0.8637     0.8241    
27       0.0048       0.8346     0.8278     0.8043     0.8621     0.8172    
28       0.0021       0.8361     0.8294     0.8068     0.8632     0.8182    
29       0.0027       0.8368     0.8304     0.8087     0.8627     0.8197    
30       0.0014       0.8383     0.8322     0.8100     0.8625     0.8241    
--------------------------------------------------------------------------------

Test Results:
  Accuracy: 0.8445
  F1 (Macro): 0.8400
  F1 per class:
    Negative: 0.8313
    Neutral:  0.8656
    Positive: 0.8231

================================================================================