================================================================================
Multi-Aspect HMAC-Net Training Report
================================================================================

Configuration:
  Model: bert-base-uncased
  Type: Improved - hsa
  Loss Type: focal
  Focal Gamma: 2.0
  Class Weights: None

Epoch-by-Epoch Metrics:
--------------------------------------------------------------------------------
Epoch    Train Loss   Val Acc    Val F1     Neg F1     Neu F1     Pos F1    
--------------------------------------------------------------------------------
1        0.4627       0.4759     0.4786     0.5327     0.4123     0.4906    
2        0.3429       0.6444     0.6346     0.6641     0.6934     0.5464    
3        0.2261       0.7774     0.7762     0.7833     0.7926     0.7526    
4        0.1448       0.8000     0.7970     0.7880     0.8190     0.7840    
5        0.0955       0.8158     0.8104     0.7918     0.8390     0.8005    
6        0.0687       0.8135     0.8093     0.7952     0.8378     0.7948    
7        0.0496       0.8135     0.8086     0.7890     0.8365     0.8005    
8        0.0334       0.8158     0.8111     0.7939     0.8390     0.8005    
9        0.0217       0.8195     0.8151     0.8024     0.8413     0.8015    
10       0.0184       0.8241     0.8178     0.7976     0.8528     0.8030    
11       0.0128       0.8301     0.8243     0.8049     0.8543     0.8137    
12       0.0098       0.8188     0.8152     0.8090     0.8414     0.7952    
13       0.0065       0.8211     0.8153     0.7933     0.8457     0.8069    
14       0.0059       0.8226     0.8173     0.7982     0.8477     0.8059    
15       0.0055       0.8173     0.8122     0.7935     0.8432     0.8000    
16       0.0052       0.8211     0.8171     0.8083     0.8453     0.7976    
17       0.0025       0.8241     0.8209     0.8166     0.8452     0.8010    
18       0.0026       0.8286     0.8242     0.8148     0.8511     0.8065    
19       0.0016       0.8271     0.8231     0.8144     0.8486     0.8064    
20       0.0009       0.8248     0.8202     0.8116     0.8506     0.7985    
21       0.0015       0.8286     0.8240     0.8113     0.8511     0.8095    
--------------------------------------------------------------------------------

Test Results:
  Accuracy: 0.8325
  F1 (Macro): 0.8274
  F1 per class:
    Negative: 0.8024
    Neutral:  0.8518
    Positive: 0.8281

================================================================================