================================================================================
Multi-Aspect HMAC-Net Training Report
================================================================================

Configuration:
  Model: bert-base-uncased
  Type: Baseline - bert_cls
  Loss Type: focal
  Focal Gamma: 2.5
  Class Weights: [1.0, 5.0, 1.0]

Epoch-by-Epoch Metrics:
--------------------------------------------------------------------------------
Epoch    Train Loss   Val Acc    Val F1     Neg F1     Neu F1     Pos F1    
--------------------------------------------------------------------------------
1        0.6280       0.3937     0.2889     0.0000     0.3357     0.5312    
2        0.4107       0.6358     0.5468     0.4154     0.4286     0.7963    
3        0.3019       0.6463     0.5478     0.4000     0.4317     0.8117    
4        0.2244       0.5895     0.5299     0.4496     0.3974     0.7426    
5        0.1585       0.7495     0.6345     0.6259     0.4046     0.8730    
6        0.1185       0.7053     0.6383     0.6111     0.4715     0.8321    
7        0.0900       0.7600     0.6688     0.6667     0.4713     0.8684    
8        0.0672       0.7600     0.6667     0.6541     0.4725     0.8736    
9        0.0499       0.7537     0.6725     0.6582     0.4925     0.8668    
10       0.0330       0.7642     0.6662     0.6744     0.4512     0.8730    
11       0.0279       0.7705     0.6865     0.6826     0.5028     0.8742    
12       0.0204       0.7811     0.6898     0.6971     0.4937     0.8784    
13       0.0198       0.7895     0.7112     0.7066     0.5465     0.8805    
14       0.0215       0.7832     0.6947     0.6946     0.5091     0.8803    
15       0.0085       0.7684     0.6991     0.7222     0.5169     0.8581    
16       0.0094       0.7621     0.6849     0.6994     0.4920     0.8633    
17       0.0072       0.7832     0.6938     0.6994     0.5000     0.8821    
18       0.0047       0.7811     0.6922     0.6994     0.4970     0.8803    
19       0.0038       0.7811     0.6941     0.6994     0.5029     0.8799    
20       0.0036       0.7684     0.6837     0.6909     0.4914     0.8689    
21       0.0040       0.7726     0.6886     0.6909     0.5029     0.8721    
--------------------------------------------------------------------------------

Test Results:
  Accuracy: 0.8196
  F1 (Macro): 0.7392
  F1 per class:
    Negative: 0.7413
    Neutral:  0.5708
    Positive: 0.9054

================================================================================