================================================================================
Multi-Aspect HMAC-Net Training Report
================================================================================

Configuration:
  Model: bert-base-uncased
  Type: Improved - hierarchical
  Loss Type: focal
  Focal Gamma: 2.0
  Class Weights: None

Epoch-by-Epoch Metrics:
--------------------------------------------------------------------------------
Epoch    Train Loss   Val Acc    Val F1     Neg F1     Neu F1     Pos F1    
--------------------------------------------------------------------------------
1        0.4105       0.5832     0.4190     0.1031     0.4000     0.7539    
2        0.3377       0.7053     0.6098     0.5349     0.4583     0.8362    
3        0.2411       0.7368     0.6495     0.6136     0.4835     0.8514    
4        0.1783       0.7242     0.6223     0.5479     0.4571     0.8620    
5        0.1286       0.7474     0.6520     0.6588     0.4343     0.8628    
6        0.0880       0.7663     0.6905     0.6918     0.5076     0.8721    
7        0.0686       0.7663     0.6798     0.6795     0.4865     0.8736    
8        0.0496       0.7558     0.6843     0.7011     0.4898     0.8621    
9        0.0384       0.7558     0.6731     0.6854     0.4719     0.8620    
10       0.0253       0.7768     0.6863     0.6951     0.4800     0.8838    
11       0.0216       0.7768     0.6822     0.6893     0.4780     0.8795    
12       0.0177       0.7874     0.7031     0.7126     0.5119     0.8849    
13       0.0125       0.7916     0.7025     0.7168     0.5000     0.8907    
14       0.0121       0.7726     0.6750     0.6667     0.4719     0.8864    
15       0.0092       0.7705     0.6883     0.6860     0.5056     0.8733    
16       0.0070       0.7874     0.6773     0.6946     0.4459     0.8913    
17       0.0052       0.7726     0.6827     0.6867     0.4828     0.8787    
18       0.0040       0.7642     0.6642     0.6585     0.4561     0.8780    
19       0.0040       0.7874     0.6836     0.6982     0.4636     0.8889    
20       0.0038       0.7663     0.6788     0.6707     0.4916     0.8742    
21       0.0027       0.7789     0.6841     0.6867     0.4819     0.8835    
22       0.0027       0.7768     0.6865     0.6829     0.4943     0.8824    
--------------------------------------------------------------------------------

Test Results:
  Accuracy: 0.8104
  F1 (Macro): 0.7297
  F1 per class:
    Negative: 0.7615
    Neutral:  0.5330
    Positive: 0.8945

================================================================================