================================================================================
Multi-Aspect HMAC-Net Training Report
================================================================================

Configuration:
  Model: bert-base-uncased
  Type: Improved - hsa
  Loss Type: focal
  Focal Gamma: 2.0
  Class Weights: None

Epoch-by-Epoch Metrics:
--------------------------------------------------------------------------------
Epoch    Train Loss   Val Acc    Val F1     Neg F1     Neu F1     Pos F1    
--------------------------------------------------------------------------------
1        0.3983       0.5296     0.5196     0.6929     0.3611     0.5049    
2        0.2811       0.6272     0.6048     0.7586     0.3978     0.6581    
3        0.1948       0.6746     0.6510     0.7480     0.4588     0.7460    
4        0.1368       0.7101     0.6521     0.7655     0.4103     0.7807    
5        0.1067       0.7012     0.6712     0.7458     0.4720     0.7957    
6        0.0726       0.6420     0.6073     0.7852     0.4118     0.6250    
7        0.0618       0.7041     0.6741     0.7368     0.4727     0.8127    
8        0.0484       0.6568     0.6341     0.7471     0.4368     0.7184    
9        0.0413       0.7071     0.6721     0.7289     0.4684     0.8191    
10       0.0358       0.7130     0.6632     0.7687     0.4179     0.8029    
11       0.0286       0.7426     0.6960     0.7893     0.4806     0.8182    
12       0.0208       0.7219     0.6711     0.7782     0.4308     0.8044    
13       0.0174       0.7160     0.6927     0.7692     0.5119     0.7969    
14       0.0148       0.7337     0.7003     0.7760     0.5000     0.8248    
15       0.0094       0.7219     0.6809     0.7729     0.4583     0.8114    
16       0.0095       0.7219     0.6872     0.7833     0.4800     0.7985    
17       0.0078       0.7219     0.6814     0.7786     0.4552     0.8104    
18       0.0053       0.7278     0.6805     0.7836     0.4478     0.8102    
19       0.0049       0.7219     0.6872     0.7893     0.4768     0.7955    
20       0.0049       0.7308     0.6849     0.7863     0.4526     0.8159    
21       0.0034       0.7160     0.6744     0.7816     0.4444     0.7970    
22       0.0037       0.7160     0.6779     0.7729     0.4564     0.8043    
23       0.0029       0.7219     0.6706     0.7816     0.4275     0.8028    
24       0.0030       0.7278     0.6756     0.7909     0.4275     0.8085    
--------------------------------------------------------------------------------

Test Results:
  Accuracy: 0.7630
  F1 (Macro): 0.7233
  F1 per class:
    Negative: 0.7185
    Neutral:  0.5890
    Positive: 0.8622

================================================================================