================================================================================
Multi-Aspect HMAC-Net Training Report
================================================================================

Configuration:
  Model: bert-base-uncased
  Type: Improved - hierarchical
  Loss Type: focal
  Focal Gamma: 2.0
  Class Weights: [1.0, 3.0, 1.0]

Epoch-by-Epoch Metrics:
--------------------------------------------------------------------------------
Epoch    Train Loss   Val Acc    Val F1     Neg F1     Neu F1     Pos F1    
--------------------------------------------------------------------------------
1        0.8284       0.4526     0.2077     0.0000     0.6232     0.0000    
2        0.5535       0.6744     0.6506     0.6048     0.7404     0.6065    
3        0.3819       0.7571     0.7420     0.7339     0.7974     0.6948    
4        0.2600       0.8143     0.8068     0.7864     0.8425     0.7914    
5        0.1851       0.8158     0.8091     0.7863     0.8405     0.8005    
6        0.1266       0.8180     0.8097     0.7783     0.8469     0.8037    
7        0.0881       0.8308     0.8245     0.7988     0.8576     0.8172    
8        0.0579       0.8293     0.8217     0.7924     0.8576     0.8150    
9        0.0389       0.8195     0.8136     0.7897     0.8439     0.8071    
10       0.0314       0.8233     0.8175     0.8013     0.8502     0.8010    
11       0.0232       0.8218     0.8134     0.7796     0.8529     0.8078    
12       0.0200       0.8308     0.8238     0.8052     0.8581     0.8080    
13       0.0145       0.8241     0.8158     0.7921     0.8537     0.8015    
14       0.0166       0.8211     0.8129     0.7891     0.8532     0.7965    
15       0.0119       0.8338     0.8282     0.8162     0.8592     0.8090    
16       0.0092       0.8271     0.8213     0.8072     0.8536     0.8031    
17       0.0086       0.8180     0.8123     0.7952     0.8441     0.7975    
18       0.0080       0.8211     0.8146     0.7912     0.8466     0.8060    
19       0.0060       0.8278     0.8228     0.8104     0.8510     0.8070    
20       0.0060       0.8293     0.8227     0.8037     0.8571     0.8071    
21       0.0064       0.8256     0.8187     0.7929     0.8524     0.8107    
22       0.0059       0.8301     0.8246     0.8110     0.8546     0.8081    
23       0.0051       0.8316     0.8275     0.8168     0.8521     0.8134    
24       0.0030       0.8256     0.8211     0.8102     0.8476     0.8055    
25       0.0036       0.8256     0.8192     0.7975     0.8526     0.8074    
26       0.0050       0.8211     0.8158     0.8025     0.8467     0.7981    
27       0.0030       0.8248     0.8192     0.8006     0.8489     0.8080    
--------------------------------------------------------------------------------

Test Results:
  Accuracy: 0.8310
  F1 (Macro): 0.8250
  F1 per class:
    Negative: 0.7982
    Neutral:  0.8555
    Positive: 0.8213

================================================================================